  Time  Size Of Component  Number Of Components  Component ID  Inert Mass  Propellant Mass  Thrust

     0                 32                     1
                                                          260         400               99    1000
     1                 32                     1
                                                          260         400               98    1000
     2                 32                     1
                                                          260         400               97    1000
     3                 32                     1
                                                          260         400               96    1000
     4                 32                     1
                                                          260         400               95    1000
     5                 32                     1
                                                          260         400               94    1000
     6                 32                     1
                                                          260         400               93    1000
     7                 32                     1
                                                          260         400               92    1000
     8                 32                     1
                                                          260         400               91    1000
     9                 32                     1
                                                          260         400               90    1000
    10                 32                     1
                                                          260         400               89    1000
    11                 32                     1
                                                          260         400               88    1000
    11                 32                     1
                                                            0         400               88    1000
