  Time  Size Of Component  Number Of Components  Component ID  Inert Mass  Propellant Mass  Thrust

     0                 32                     0
   0.1                 32                     0
   0.2                 32                     0
   0.3                 32                     0
   0.4                 32                     0
   0.5                 32                     0
   0.6                 32                     0
   0.7                 32                     0
   0.8                 32                     0
   0.9                 32                     0
     1                 32                     0
   1.1                 32                     0
   1.2                 32                     0
   1.3                 32                     0
   1.4                 32                     0
   1.5                 32                     0
   1.6                 32                     0
   1.7                 32                     0
   1.8                 32                     0
   1.9                 32                     0
     2                 32                     0
   2.1                 32                     0
   2.2                 32                     0
   2.3                 32                     0
   2.4                 32                     0
   2.5                 32                     0
   2.6                 32                     0
   2.7                 32                     0
   2.8                 32                     0
   2.9                 32                     0
     3                 32                     0
   3.1                 32                     0
   3.2                 32                     0
   3.3                 32                     1
                                                          261         400            99.99     100
   3.4                 32                     1
                                                          261         400            99.96     100
   3.5                 32                     1
                                                          261         400            99.93     100
   3.6                 32                     1
                                                          261         400             99.9     100
   3.7                 32                     1
                                                          261         400            99.87     100
   3.8                 32                     1
                                                          261         400            99.84     100
   3.9                 32                     1
                                                          261         400            99.81     100
     4                 32                     1
                                                          261         400            99.78     100
   4.1                 32                     1
                                                          261         400            99.75     100
   4.2                 32                     1
                                                          261         400            99.72     100
   4.3                 32                     1
                                                          261         400            99.69     100
   4.4                 32                     1
                                                          261         400            99.66     100
   4.5                 32                     1
                                                          261         400            99.63     100
   4.6                 32                     1
                                                          261         400             99.6     100
   4.7                 32                     1
                                                          261         400            99.57     100
   4.8                 32                     1
                                                          261         400            99.54     100
   4.9                 32                     1
                                                          261         400            99.51     100
     5                 32                     1
                                                          261         400            99.48     100
   5.1                 32                     1
                                                          261         400            99.45     100
   5.2                 32                     1
                                                          261         400            99.42     100
   5.3                 32                     1
                                                          261         400            99.39     100
   5.4                 32                     1
                                                          261         400            99.36     100
   5.5                 32                     1
                                                          261         400            99.33     100
   5.6                 32                     1
                                                          261         400             99.3     100
   5.7                 32                     1
                                                          261         400            99.27     100
   5.8                 32                     1
                                                          261         400            99.24     100
   5.9                 32                     1
                                                          261         400            99.21     100
     6                 32                     1
                                                          261         400            99.18     100
   6.1                 32                     1
                                                          261         400            99.15     100
   6.2                 32                     1
                                                          261         400            99.12     100
   6.3                 32                     1
                                                          261         400            99.09     100
   6.4                 32                     1
                                                          261         400            99.06     100
   6.5                 32                     1
                                                          261         400            99.03     100
   6.6                 32                     1
                                                          261         400               99     100
   6.7                 32                     1
                                                          261         400            98.97     100
   6.8                 32                     1
                                                          261         400            98.94     100
   6.9                 32                     1
                                                          261         400            98.91     100
     7                 32                     1
                                                          261         400            98.88     100
   7.1                 32                     1
                                                          261         400            98.85     100
   7.2                 32                     1
                                                          261         400            98.82     100
   7.3                 32                     1
                                                          261         400            98.79     100
   7.4                 32                     1
                                                          261         400            98.76     100
   7.5                 32                     1
                                                          261         400            98.73     100
   7.6                 32                     1
                                                          261         400             98.7     100
   7.7                 32                     1
                                                          261         400            98.67     100
   7.8                 32                     1
                                                          261         400            98.64     100
   7.9                 32                     1
                                                          261         400            98.61     100
     8                 32                     1
                                                          261         400            98.58     100
   8.1                 32                     1
                                                          261         400            98.55     100
   8.2                 32                     1
                                                          261         400            98.52     100
   8.3                 32                     1
                                                          261         400            98.49     100
   8.4                 32                     1
                                                          261         400            98.46     100
   8.5                 32                     1
                                                          261         400            98.43     100
   8.6                 32                     1
                                                          261         400             98.4     100
   8.7                 32                     1
                                                          261         400            98.37     100
   8.8                 32                     1
                                                          261         400            98.34     100
   8.9                 32                     1
                                                          261         400            98.31     100
     9                 32                     1
                                                          261         400            98.28     100
   9.1                 32                     1
                                                          261         400            98.25     100
   9.2                 32                     1
                                                          261         400            98.22     100
   9.3                 32                     1
                                                          261         400            98.19     100
   9.4                 32                     1
                                                          261         400            98.16     100
   9.5                 32                     1
                                                          261         400            98.13     100
   9.6                 32                     1
                                                          261         400             98.1     100
   9.7                 32                     1
                                                          261         400            98.07     100
   9.8                 32                     1
                                                          261         400            98.04     100
   9.9                 32                     1
                                                          261         400            98.01     100
    10                 32                     1
                                                          261         400            97.98     100
    10                 32                     1
                                                            0         400            97.98     100
